#=======================================================================================================================
# InTensors - KeroML - Theoretical branching index limits
#=======================================================================================================================
#
# Author           : Nimal Naser (n2[ⓐⓣ]intensors.com)
# Company          : InTensors
# Version          : 2.0.0
# Created on       : 26 April 2026
# Last modified on : 26 April 2026
#
#-----------------------------------------------------------------------------------------------------------------------
#
#-----------------------------------------------------------------------------------------------------------------------
#
#
#-----------------------------------------------------------------------------------------------------------------------
# Changelog
#-----------------------------------------------------------------------------------------------------------------------
#
#-----------------------------------------------------------------------------------------------------------------------
# Information
#-----------------------------------------------------------------------------------------------------------------------
#
#
#-----------------------------------------------------------------------------------------------------------------------
# Data
#-----------------------------------------------------------------------------------------------------------------------
theoretical_brix_id	nor_par_carbon_number	nor_par_brix_min	nor_par_brix_max	iso_par_carbon_number	iso_par_brix_min	iso_par_brix_max	mon_nap_carbon_number	mon_nap_brix_min	mon_nap_brix_max	di_nap_carbon_number	di_nap_brix_min	di_nap_brix_max	tri_nap_carbon_number	tri_nap_brix_min	tri_nap_brix_max	mon_aro_carbon_number	mon_aro_brix_min	mon_aro_brix_max	di_aro_carbon_number	di_aro_brix_min	di_aro_brix_max	nap_aro_carbon_number	nap_aro_brix_min	nap_aro_brix_max	olef_carbon_number	olef_brix_min	olef_brix_max	oxy_carbon_number	oxy_brix_min	oxy_brix_max	inde_carbon_number	inde_brix_min	inde_brix_max	dien_carbon_number	dien_brix_min	dien_brix_max
CHTA_THBR_A0_00000	5	0.00	0.00	5	0.25	0.67	5	nan	nan	5	nan	nan	5	nan	nan	5	nan	nan	5	nan	nan	5	nan	nan	5	0.25	0.67	5	0.25	0.67	5	nan	nan	5	0.25	0.67
CHTA_THBR_A0_00001	6	0.00	0.00	6	0.20	0.50	6	0.50	0.50	6	nan	nan	6	nan	nan	6	1.00	1.00	6	nan	nan	6	nan	nan	6	0.20	0.50	6	0.20	0.50	6	nan	nan	6	0.20	0.50
CHTA_THBR_A0_00002	7	0.00	0.00	7	0.17	0.75	7	0.50	0.50	7	nan	nan	7	nan	nan	7	1.00	1.00	7	nan	nan	7	nan	nan	7	0.17	0.75	7	0.17	0.75	7	nan	nan	7	0.17	0.75
CHTA_THBR_A0_00003	8	0.00	0.00	8	0.14	1.00	8	0.50	0.67	8	nan	nan	8	nan	nan	8	1.00	1.17	8	nan	nan	8	nan	nan	8	0.14	1.00	8	0.14	1.00	8	nan	nan	8	0.14	1.00
CHTA_THBR_A0_00004	9	0.00	0.00	9	0.13	1.00	9	0.50	1.17	9	nan	nan	9	nan	nan	9	1.00	1.67	9	nan	nan	9	1.50	1.50	9	0.13	1.00	9	0.13	1.00	9	1.50	1.50	9	0.13	1.00
CHTA_THBR_A0_00005	10	0.00	0.00	10	0.11	1.20	10	0.50	1.33	10	1.00	1.00	10	2.00	2.00	10	1.00	1.83	10	2.00	2.00	10	1.50	1.50	10	0.11	1.20	10	0.11	1.20	10	1.50	1.50	10	0.11	1.20
CHTA_THBR_A0_00006	11	0.00	0.00	11	0.10	1.40	11	0.50	1.50	11	1.00	1.00	11	2.00	2.00	11	1.00	2.00	11	2.00	2.00	11	1.50	1.50	11	0.10	1.40	11	0.10	1.40	11	1.50	1.50	11	0.10	1.40
CHTA_THBR_A0_00007	12	0.00	0.00	12	0.09	1.60	12	0.50	1.83	12	1.00	1.00	12	2.00	2.33	12	1.00	2.33	12	2.00	2.00	12	1.50	1.50	12	0.09	1.60	12	0.09	1.60	12	1.50	1.50	12	0.09	1.60
CHTA_THBR_A0_00008	13	0.00	0.00	13	0.08	1.80	13	0.50	1.50	13	1.00	1.33	13	2.00	2.67	13	1.00	2.00	13	2.00	2.33	13	1.50	1.50	13	0.08	1.80	13	0.08	1.80	13	1.50	1.50	13	0.08	1.80
CHTA_THBR_A0_00009	14	0.00	0.00	14	0.08	2.00	14	0.50	1.75	14	1.00	1.67	14	2.00	2.50	14	0.00	2.25	14	2.00	2.25	14	1.50	1.50	14	0.08	2.00	14	0.08	2.00	14	1.50	1.50	14	0.08	2.00
CHTA_THBR_A0_00010	15	0.00	0.00	15	0.07	2.20	15	0.50	1.50	15	1.00	1.50	15	2.00	2.50	15	0.00	2.10	15	2.00	2.50	15	1.50	1.50	15	0.07	2.20	15	0.07	2.20	15	1.50	1.50	15	0.07	2.20
CHTA_THBR_A0_00011	16	0.00	0.00	16	0.07	2.40	16	0.50	1.70	16	1.00	1.50	16	2.00	2.88	16	0.00	2.20	16	2.00	2.50	16	3.00	4.33	16	0.07	2.40	16	0.07	2.40	16	3.00	4.33	16	0.07	2.40
CHTA_THBR_A0_00012	17	0.00	0.00	17	0.06	2.17	17	0.50	1.90	17	1.00	1.88	17	2.00	3.25	17	0.00	2.60	17	1.00	2.88	17	2.95	4.75	17	0.06	2.17	17	0.06	2.60	17	1.95	4.75	17	0.06	2.17
CHTA_THBR_A0_00013	18	0.00	0.00	18	0.06	2.33	18	0.50	2.10	18	1.00	2.25	18	2.00	3.00	18	0.00	2.60	18	1.00	3.25	18	2.91	4.43	18	0.06	2.33	18	0.06	2.33	18	1.91	4.43	18	0.06	2.33
CHTA_THBR_A0_00014	19	0.00	0.00	19	0.06	2.50	19	0.50	2.30	19	1.00	2.00	19	2.00	3.20	19	0.00	2.80	19	1.00	3.00	19	2.88	4.71	19	0.06	2.50	19	0.06	2.50	19	1.88	4.71	19	0.06	2.50
CHTA_THBR_A0_00015	20	0.00	0.00	20	0.05	2.67	20	0.50	2.50	20	1.00	2.20	20	2.00	3.40	20	0.00	3.00	20	0.00	3.20	20	2.85	5.14	20	0.05	2.67	20	0.05	2.67	20	0.85	5.00	20	0.05	2.67
CHTA_THBR_A0_00016	21	0.00	0.00	21	0.05	2.57	21	0.50	2.80	21	1.00	2.40	21	2.00	3.70	21	0.00	3.20	21	0.00	3.40	21	2.82	5.43	21	0.05	2.83	21	0.05	2.83	21	0.82	5.29	21	0.05	2.57
CHTA_THBR_A0_00017	22	0.00	0.00	22	0.05	2.71	22	0.50	2.67	22	1.00	2.60	22	2.00	3.80	22	0.00	3.50	22	0.00	3.60	22	2.80	5.57	22	0.05	3.00	22	0.05	3.00	22	0.80	5.57	22	0.05	2.71
CHTA_THBR_A0_00018	23	0.00	0.00	23	0.05	2.86	23	0.50	2.83	23	1.00	2.80	23	2.00	4.00	23	0.00	3.33	23	0.00	3.80	23	2.78	5.86	23	0.05	2.86	23	0.05	2.86	23	0.78	6.14	23	0.05	2.86
CHTA_THBR_A0_00019	24	0.00	0.00	24	0.04	3.00	24	0.50	3.00	24	1.00	3.10	24	2.00	4.20	24	0.00	3.50	24	0.00	4.00	24	2.76	6.29	24	0.04	3.00	24	0.04	3.00	24	0.76	6.14	24	0.04	3.00
CHTA_THBR_A0_00020	25	0.00	0.00	25	0.04	3.14	25	0.50	3.17	25	1.00	3.30	25	2.00	4.50	25	0.00	3.67	25	0.00	4.20	25	2.75	5.94	25	0.04	3.14	25	0.04	3.14	25	0.75	6.57	25	0.04	3.14
